# The map name is '$mapname'
# The waypoints are from the optimal race line.
# s_m;x_m;y_m;psi_rad;kappa_radpm;vx_mps;ax_mps2
0.0;-1.7370391197500075;-1.5236336481487882;-0.006937618230741682;0.30343424688652476;0.0;0.0
0.1;-1.6372254380100593;-1.5243261284767593;0.023405806457910794;0.5006742130963326;0.0;0.0
0.2;-1.5375232389557374;-1.5189629651102914;0.09319722438852485;0.7524601205764536;0.0;0.0
0.30000000000000004;-1.4385623054872334;-1.5057574840831989;0.17389783057320152;0.8363115629371076;0.0;0.0
0.4;-1.341036084823792;-1.4844456318272403;0.26045953697594637;0.8824007584466209;0.0;0.0
0.5;-1.2458841105155625;-1.4544061133006716;0.3503779822625257;0.9370134676957953;0.0;0.0
0.6000000000000001;-1.1537663247260292;-1.4160066056935796;0.44786223051510543;0.9927694270979981;0.0;0.0
0.7000000000000001;-1.0662432415643315;-1.3681028350267133;0.5489318676821253;0.9553830758780424;0.0;0.0
0.8;-0.9837006426121404;-1.3119882214330334;0.6389388456907139;0.7736858775745153;0.0;0.0
0.9;-0.9061423899214329;-1.2491645970450413;0.7036690431970284;0.5734649491949045;0.0;0.0
1.0;-0.831518795138039;-1.1828497650085918;0.7536318355296948;0.4171150913937133;0.0;0.0
1.1;-0.7605911051883077;-1.112578787636775;0.787092061475771;0.1755522143557009;0.0;0.0
1.2000000000000002;-0.6905537815126268;-1.041406379881702;0.788742278400835;-0.009913647194094155;0.0;0.0
1.3;-0.6198520501860948;-0.970895275570075;0.7851093320369522;-0.04982577047318859;0.0;0.0
1.4000000000000001;-0.549300117483319;-0.9002342892696147;0.7787771243061973;-0.08847967400987256;0.0;0.0
1.5;-0.47772081600061844;-0.8306338018649917;0.7674133972349777;-0.1307850226702134;0.0;0.0
1.6;-0.4055818917921817;-0.7615947495454991;0.7526201197721546;-0.1778025064266564;0.0;0.0
1.7000000000000002;-0.3319669763286063;-0.6941349674222193;0.7318528959496464;-0.15870982169355285;0.0;0.0
1.8;-0.2570238028610069;-0.6281509733897807;0.720878155433444;-0.0801380013797065;0.0;0.0
1.9000000000000001;-0.18194530984171875;-0.5623225148524017;0.7158252956737051;-0.08153037032658572;0.0;0.0
2.0;-0.10634011434766205;-0.49710005627084636;0.7045720813681269;-0.21146004594327028;0.0;0.0
2.1;-0.029801982201825852;-0.43298023929759477;0.6735332864850511;-0.32242735421735835;0.0;0.0
2.2;0.04970058009722167;-0.37257624981667764;0.6400866105246552;-0.19988899575126284;0.0;0.0
2.3000000000000003;0.13035599168106987;-0.3137140469775613;0.6335554873347985;-0.021999798291722494;0.0;0.0
2.4000000000000004;0.21064242404266809;-0.25435247207639383;0.6356866508663107;0.028685612377775116;0.0;0.0
2.5;0.29104890724514043;-0.19514504241234543;0.6392926098103535;0.1330793053412771;0.0;0.0
2.6;0.37090471502623057;-0.1352062936575569;0.6623025119345661;0.2758009345195833;0.0;0.0
2.7;0.4484954158780071;-0.07236810880495025;0.6944527967142702;0.42722480043187017;0.0;0.0
2.8000000000000003;0.5243362486673008;-0.007420883940684006;0.7477474720209402;0.621703875639763;0.0;0.0
2.9000000000000004;0.5947967291578007;0.06331141159631112;0.8187935718422228;0.640616720169912;0.0;0.0
3.0;0.6606567533269866;0.13832277189364423;0.8758708160549226;0.5409437269410866;0.0;0.0
3.1;0.7226045312908091;0.21662239798476246;0.9269823172304401;0.5247664258210427;0.0;0.0
3.2;0.7804830068451066;0.297987004105424;0.9808241012191311;0.506621341902801;0.0;0.0
3.3000000000000003;0.8336461896028232;0.3824761705741313;1.0283065856110003;0.42954966010588513;0.0;0.0
3.4000000000000004;0.8835464871528156;0.4689561915591085;1.0667340332403081;0.38544054156776975;0.0;0.0
3.5;0.9300718241706152;0.5572904767521222;1.1053946939245543;0.34902847157526673;0.0;0.0
3.6;0.973146013959001;0.6473721928099135;1.1365397275553615;0.3194341343902285;0.0;0.0
3.7;1.014081964072386;0.7384315136216384;1.1692815208026;0.3652315322386912;0.0;0.0
3.8000000000000003;1.0511707223650775;0.831141371588176;1.2095860340030997;0.4695115652925008;0.0;0.0
3.9000000000000004;1.0846243660514856;0.9251577088321801;1.2631838338611001;0.5208889456283661;0.0;0.0
4.0;1.1115837531617137;1.0213006313714372;1.313763823128773;0.44380301739098127;0.0;0.0
4.1000000000000005;1.1353818692851099;1.118264695047488;1.3519444373392964;0.27524380829162975;0.0;0.0
4.2;1.1549276301135465;1.2161797147199729;1.3688125847870989;-0.029354534672477728;0.0;0.0
4.3;1.1754431715829199;1.313899328526848;1.3460735304048008;-0.28229810852134496;0.0;0.0
4.4;1.199419189600229;1.4108198683171362;1.31235296308283;-0.3965394328381955;0.0;0.0
4.5;1.2264687262195744;1.5069180749347637;1.2667656438371617;-0.43716722415347187;0.0;0.0
4.6000000000000005;1.2591680834967816;1.6012496362403936;1.2249195182521355;-0.29724935867378455;0.0;0.0
4.7;1.2941565905140668;1.6947505740374686;1.2073157721024048;-0.20107507269108482;0.0;0.0
4.800000000000001;1.3301603496724737;1.7878838921364377;1.1847045037139186;-0.19637271501129816;0.0;0.0
4.9;1.3693414108543795;1.8797099513900286;1.1680412291001452;-0.06881187233105601;0.0;0.0
5.0;1.4084291973714274;1.9715943493243946;1.1709421292477074;-0.013870159922190206;0.0;0.0
5.1000000000000005;1.447077125968598;2.0636469733184706;1.1652671971157071;-0.09418121983681194;0.0;0.0
5.2;1.4871988619119216;2.1550671810893673;1.152105885280345;-0.06170964492568265;0.0;0.0
5.300000000000001;1.528260523624627;2.246080450030322;1.1529252681305706;0.050780810092440065;0.0;0.0
5.4;1.5682380393508506;2.3375790304065154;1.162262047298833;0.029739788594639327;0.0;0.0
5.5;1.6075945199097614;2.4293465203465647;1.1588732258494985;-0.05578080506680627;0.0;0.0
5.6000000000000005;1.648190704751196;2.520570782541569;1.1511058862854717;-0.06744157954149954;0.0;0.0
5.7;1.6889683158294955;2.6117166642000176;1.1453849099411986;0.02358634283373129;0.0;0.0
5.800000000000001;1.730605326368722;2.702469819682332;1.155823154852218;0.10981489344055406;0.0;0.0
5.9;1.7694699692022702;2.7944437814767453;1.1673478886293094;0.03524761191676218;0.0;0.0
6.0;1.809005137275832;2.8861344184174795;1.1628726772355704;-0.07531501137573504;0.0;0.0
6.1000000000000005;1.848686675947871;2.977745842447611;1.1522848863541624;-0.08141980079136135;0.0;0.0
6.2;1.8901539323610503;3.068578050171225;1.1465887170772981;-0.036144580141574956;0.0;0.0
6.300000000000001;1.9308835033906908;3.159746697710665;1.1450559703258474;-0.10502978972921961;0.0;0.0
6.4;1.972625681592535;3.250444010216707;1.1255827591314542;-0.24725357188479125;0.0;0.0
6.5;2.0168738369600665;3.339957472201891;1.0956052559488891;-0.3375644413586798;0.0;0.0
6.6000000000000005;2.0639794275656573;3.427997569287519;1.0580698708597183;-0.3682409781591234;0.0;0.0
6.7;2.114809143014233;3.5139274531947007;1.0219570603170645;-0.3419829539161262;0.0;0.0
6.800000000000001;2.1681462468069514;3.598341372217029;0.989673280076493;-0.38907154333339855;0.0;0.0
6.9;2.2244039577771915;3.680795646990076;0.9441427516503847;-0.5015083174081142;0.0;0.0
7.0;2.285173795846364;3.7599812374034647;0.8893716165948702;-0.4965277139951185;0.0;0.0
7.1000000000000005;2.3501283789867813;3.8358156814149384;0.844837208851361;-0.4755125259528509;0.0;0.0
7.2;2.4177168519830583;3.9092975003181913;0.7942691114043;-0.5543426898365761;0.0;0.0
7.300000000000001;2.489987301235663;3.978178241433296;0.7339686708840458;-0.6124646876970241;0.0;0.0
7.4;2.5659298808107995;4.042999010908299;0.6717761738648952;-0.7002656921794154;0.0;0.0
7.5;2.6461593712484324;4.102358349009278;0.5939155324481628;-0.8102366167741643;0.0;0.0
7.6000000000000005;2.7311938324697786;4.154592083796125;0.5097288505100623;-0.7837453270014955;0.0;0.0
7.7;2.8202571334918543;4.199679482493654;0.43716646704786366;-0.5874562356283075;0.0;0.0
7.800000000000001;2.9119883940668654;4.239081647089873;0.39223760338440083;-0.320383568056436;0.0;0.0
7.9;3.004762601998706;4.276004415046662;0.37308975343657647;-0.08359568760728853;0.0;0.0
8.0;3.0979518974435636;4.311871854838637;0.37551846586294313;0.10300029743707473;0.0;0.0
8.1;3.1905448287652534;4.3492445055690405;0.3936898129239914;0.2517241903950962;0.0;0.0
8.200000000000001;3.282364366214843;4.388472138524185;0.42586330394196237;0.4616048474509582;0.0;0.0
8.3;3.3723355746562897;4.431709095443274;0.48601078241418305;0.7324680256131272;0.0;0.0
8.4;3.4587674504591153;4.481661449276156;0.5723569090645878;0.8479782745563125;0.0;0.0
8.5;3.539959349147278;4.539708894230028;0.6556064373254455;0.7344896372101656;0.0;0.0
8.6;3.6169218113497914;4.603296199367117;0.7192548365066209;0.5978343305076628;0.0;0.0
8.700000000000001;3.6901034532778065;4.671197650719022;0.7751733034269781;0.5267404084649369;0.0;0.0
8.8;3.759494209586278;4.7429824419447515;0.8246029181996083;0.5073353305825512;0.0;0.0
8.9;3.8256091185627463;4.81776769428298;0.8766403695434883;0.5019923107837365;0.0;0.0
9.0;3.887169654439752;4.896374511349514;0.9250013803563556;0.4083566598977528;0.0;0.0
9.1;3.945768593853625;4.9772170324782685;0.9583117015230389;0.34051074992160757;0.0;0.0
9.200000000000001;4.001953415952944;5.059739014652092;0.9931035303406771;0.32588917621332425;0.0;0.0
9.3;4.054792915528617;5.144464093590561;1.0234895367657038;0.2658967433459297;0.0;0.0
9.4;4.10587021900022;5.2302605535830695;1.046282879009863;0.16135380795603504;0.0;0.0
9.5;4.154792111687626;5.317302494728075;1.0557602983569108;0.004744802405036719;0.0;0.0
9.600000000000001;4.204234227819017;5.4040518830828175;1.0472318394908704;-0.09714768081633518;0.0;0.0
9.700000000000001;4.25463228067766;5.4902444342647465;1.0363307621936437;-0.1353711740734853;0.0;0.0
9.8;4.305955641373016;5.575898515388753;1.0201576046761733;-0.14458405309536126;0.0;0.0
9.9;4.3591186583326245;5.660422018661547;1.0074139515745715;-0.08064042553021622;0.0;0.0
10.0;4.412608170871258;5.744740294861959;1.00402951957013;-0.018587606616693453;0.0;0.0
10.100000000000001;4.466342661452222;5.828902898101921;1.0036964302512328;-0.026107352572400933;0.0;0.0
10.200000000000001;4.51988838450311;5.913185602530145;0.9988080490556499;-0.007144187224348286;0.0;0.0
10.3;4.574438461788602;5.996811589543433;1.0022675928063631;0.05628950577620362;0.0;0.0
10.4;4.6273998123058915;6.081462806400439;1.0100659502108906;0.029952178689559572;0.0;0.0
10.5;4.680643533266942;6.165936707607601;1.008258028544275;-0.0004076088317239712;0.0;0.0
10.600000000000001;4.733910621804595;6.250395870540749;1.0099844284445458;0.019215170238892076;0.0;0.0
10.700000000000001;4.7868622959593345;6.335053014538588;1.0121010625920535;0.016134012395573327;0.0;0.0
10.8;4.839771385772254;6.41973693873763;1.0132112309236605;-0.040079499563041576;0.0;0.0
10.9;4.892535000596187;6.504511506366786;1.0040851626794451;-0.09889469802281448;0.0;0.0
11.0;4.946975715715005;6.588207600646275;0.9934322913190976;-0.028890608464760548;0.0;0.0
11.100000000000001;5.001528570268518;6.671831610343181;0.998307040986493;0.05916444418821554;0.0;0.0
11.200000000000001;5.055154404819527;6.756060219195319;1.0052651801567407;0.04549987386249399;0.0;0.0
11.3;5.108542911084419;6.840442655150449;1.0074070157589918;0.012531536239637209;0.0;0.0
11.4;5.161808888688694;6.924902498995113;1.0077714874046682;0.041952377326076595;0.0;0.0
11.5;5.215135890217949;7.00932386054835;1.0157974912242071;0.047735751542592464;0.0;0.0
11.600000000000001;5.267035048315335;7.094620933383196;1.0173186377131866;-0.016723645653009545;0.0;0.0
11.700000000000001;5.32010498943935;7.179204150034035;1.0124527620936052;-0.026666954226121087;0.0;0.0
11.8;5.372836016317607;7.263998850472184;1.0119852468679624;-0.032207992768865656;0.0;0.0
11.9;5.425981168073711;7.348526244746415;1.006011163539832;-0.0532045302706774;0.0;0.0
12.0;5.479717503756175;7.432678564727526;1.001344340813827;-0.005755102287710034;0.0;0.0
12.100000000000001;5.533647854911767;7.516704027134384;1.00486014308229;0.036465534319448656;0.0;0.0
12.200000000000001;5.586791542511332;7.601232733409332;1.0086374476777167;0.00039365731999030373;0.0;0.0
12.3;5.640086608650488;7.6856648688936335;1.0049388745462882;-0.01454318615321748;0.0;0.0
12.4;5.693852446438282;7.76979554582238;1.0057288104470732;0.024023214256203573;0.0;0.0
12.5;5.747016706945447;7.854315956197593;1.0097435173975289;0.02786933454680507;0.0;0.0
12.600000000000001;5.800110609361154;7.938884128342223;1.0113026773564342;0.027365832544248292;0.0;0.0
12.700000000000001;5.853012591840658;8.023572381339447;1.0152166839063785;-0.008453269965604804;0.0;0.0
12.8;5.905442845079638;8.108553531437806;1.0096120233633132;-0.03474152748181192;0.0;0.0
12.9;5.959286145802216;8.192636105297408;1.0082683784100162;0.028322376024482177;0.0;0.0
13.0;6.01194458212872;8.277476081320408;1.0152764985682097;-0.0003496374626155152;0.0;0.0
13.100000000000001;6.0646086867427185;8.362312540110247;1.008198450917493;-0.06320816674192264;0.0;0.0
13.200000000000001;6.118458191919035;8.44639127960649;1.0026348652198251;-0.011130134902374023;0.0;0.0
13.3;6.172059652339974;8.530631331183915;1.0059724239370182;0.029319366678537406;0.0;0.0
13.4;6.2253469158681165;8.61506796099491;1.0084987385555326;0.05928593057457299;0.0;0.0
13.5;6.278520445459901;8.699575191955555;1.0178296100519328;0.0624521578085091;0.0;0.0
13.600000000000001;6.330225992597988;8.784996672300949;1.0209891701172344;0.002835378410888101;0.0;0.0
13.700000000000001;6.382864180894949;8.869837822386721;1.0183966857341105;-0.008475288098519496;0.0;0.0
13.8;6.435008639705767;8.954984749014928;1.0192941124975305;-0.041752767768804544;0.0;0.0
13.9;6.487495280574763;9.039921566688147;1.0100461321803496;-0.07807452172351459;0.0;0.0
14.0;6.541210123691644;9.124096712505352;1.0036792081528276;0.018037795325775985;0.0;0.0
14.100000000000001;6.594778436985096;9.208365092390432;1.0136536912455048;0.06280396659404386;0.0;0.0
14.200000000000001;6.646799082617855;9.293587887470222;1.0162400014716364;0.0176428252911065;0.0;0.0
14.3;6.699930849996973;9.378132278931375;1.017182256303726;0.04899834726392993;0.0;0.0
14.4;6.751790791026262;9.463452956193256;1.0260396709244224;0.023695968668037137;0.0;0.0
14.5;6.803412437778673;9.548918223570734;1.0219214500373335;-0.03305912549250278;0.0;0.0
14.600000000000001;6.855977667111204;9.633815927098537;1.0194278458259218;0.009098518148991097;0.0;0.0
14.700000000000001;6.908029057364742;9.719029401041928;1.0237411536671317;0.033639834946285196;0.0;0.0
14.8;6.959859997066462;9.80437745918079;1.0261558128151789;0.012436696860737007;0.0;0.0
14.9;7.011499363703373;9.889841485378053;1.026228493039279;0.018315941432545113;0.0;0.0
15.0;7.063317894970514;9.975197074041766;1.029819001101688;0.027576028488112136;0.0;0.0
15.100000000000001;7.114338280002843;10.061023163872512;1.0317436987369015;-0.021365604669975058;0.0;0.0
15.200000000000001;7.165824682320304;10.146572246903903;1.0255458801676929;-0.04970864948025788;0.0;0.0
15.3;7.21790900186392;10.231765925912086;1.02180196884085;-0.031024606471050653;0.0;0.0
15.4;7.27003770989736;10.31693224484623;1.0193409588734827;-0.0246546691425642;0.0;0.0
15.5;7.32254069562412;10.401868491092536;1.016871035012337;-0.004834396195964041;0.0;0.0
15.600000000000001;7.375089558490782;10.48677639916286;1.01837407963429;0.031185780520607276;0.0;0.0
15.700000000000001;7.4273369360879355;10.571870016583388;1.0231081911164586;0.042056344930362366;0.0;0.0
15.8;7.479079494806791;10.657271599321264;1.0267853486203624;0.02438113100720729;0.0;0.0
15.9;7.530699696322066;10.742747216431;1.0279844173179;0.0032453748556016127;0.0;0.0
16.0;7.582237304504409;10.828272643896357;1.0274344235914827;-0.019186837114159028;0.0;0.0
16.1;7.63395153083882;10.913691483971881;1.0241470498950682;-0.039366151860624754;0.0;0.0
16.2;7.686050197491933;10.998876001772018;1.0195611932193578;-0.036285091158816396;0.0;0.0
16.3;7.738545651703782;11.083816912966752;1.016890031663305;-0.005830604377072834;0.0;0.0
16.400000000000002;7.7910988262913845;11.168722162516172;1.0183950723439432;0.028993930912036836;0.0;0.0
16.5;7.843338276000102;11.253820561559111;1.0226888178457123;0.04758433846187904;0.0;0.0
16.6;7.895158905579805;11.339171527417376;1.027911940036319;-0.001943200610661222;0.0;0.0
16.7;7.946501487678905;11.424802541526196;1.02230017772358;-0.07326412073573096;0.0;0.0
16.8;7.99927820293247;11.509568952907717;1.0132591158891728;-0.04270288147662615;0.0;0.0
16.900000000000002;8.052166091559611;11.594266115552958;1.0137596014282548;0.026309558382321407;0.0;0.0
17.0;8.104857927154594;11.679085305246108;1.0185210275656371;0.051493062352905294;0.0;0.0
17.1;8.156936690502018;11.76428196938232;1.024058213898836;0.045723695926385144;0.0;0.0
17.2;8.208686019832712;11.849679513046786;1.0276657667509141;0.053417057551582436;0.0;0.0
17.3;8.260148853504981;11.935249916924008;1.0347416254091524;0.022776746311616858;0.0;0.0
17.400000000000002;8.310680996746392;12.02136529608035;1.0322211160132375;-0.0698939532976195;0.0;0.0
17.5;8.362572543626971;12.10667188643493;1.0207628347496285;-0.07789728629577386;0.0;0.0
17.6;8.415068329130552;12.19161256308743;1.0166416587540827;-0.021417728033569228;0.0;0.0
17.7;8.467663333581777;12.276491917113118;1.0164792891429146;0.02412115827617245;0.0;0.0
17.8;8.520186675300252;12.361415502111392;1.0214658904093172;0.03596513068882423;0.0;0.0
17.900000000000002;8.571928101537296;12.446807884302869;1.0236723152806795;-0.036582974425239945;0.0;0.0
18.0;8.624072297088803;12.5319560125006;1.0141492955242692;-0.12309757344985905;0.0;0.0
18.1;8.67743501471606;12.61635453093817;0.9990528005907077;-0.09347833892733137;0.0;0.0
18.2;8.732127347818196;12.69989169876996;0.995453627738803;-0.01262917039861644;0.0;0.0
18.3;8.786088241293399;12.783891659824048;0.9965269665109844;0.0022599341691764696;0.0;0.0
18.400000000000002;8.840602759036367;12.867548554181399;0.9959056145726383;0.03685454181484804;0.0;0.0
18.5;8.894675232912233;12.951492545500322;1.003897874873954;0.11414646276275475;0.0;0.0
18.6;8.947844006125026;13.036007565033554;1.0187349071251892;0.17070966009184452;0.0;0.0
18.7;8.999402731077954;13.121519868560092;1.038039806892323;0.20281139330800446;0.0;0.0
18.8;9.049270868961363;13.208026590731793;1.05929718578679;0.16189792655624147;0.0;0.0
18.900000000000002;9.097144344520554;13.295645362311278;1.0704193922035712;0.0880560580217471;0.0;0.0
19.0;9.145076375206589;13.383240388179905;1.0769083973911395;0.170072945971248;0.0;0.0
19.1;9.191799561781508;13.471456129574856;1.1044339813978208;0.3900438887365709;0.0;0.0
19.200000000000003;9.234822959778876;13.561521941186982;1.1549171751384537;0.6331714979567249;0.0;0.0
19.3;9.272408024117667;13.653977313594893;1.2310682809891658;0.8229103553984229;0.0;0.0
19.400000000000002;9.30126846445547;13.749523330484257;1.3194992462181383;0.87558054276339;0.0;0.0
19.5;9.322004620388432;13.8471676292847;1.4061843895418438;0.8089129044395371;0.0;0.0
19.6;9.33394067383222;13.946207533158544;1.4812818271060457;0.6993059458380801;0.0;0.0
19.700000000000003;9.339839669463364;14.045877192225962;1.5460455787094598;0.7110361524464814;0.0;0.0
19.8;9.338878549129902;14.145670875684376;1.623489057595342;0.8130665869239062;0.0;0.0
19.900000000000002;9.329337015474003;14.245011527083587;1.708658896094241;0.8291823820289423;0.0;0.0
20.0;9.311472666635373;14.34320118454217;1.7893255340011305;0.7404574408871867;0.0;0.0
20.1;9.286087117605147;14.439764576569885;1.8567503842716784;0.6838238619814785;0.0;0.0
20.200000000000003;9.255178544522932;14.534670078464606;1.9260903063974262;0.7914004164454091;0.0;0.0
20.3;9.216703511514973;14.62676244946239;2.01503046756076;0.9429189300806973;0.0;0.0
20.400000000000002;9.169502699270028;14.714675167562248;2.1146740924135656;0.9894060443054076;0.0;0.0
20.5;9.113566278692161;14.79731811168023;2.2129116764218417;0.9683432975901152;0.0;0.0
20.6;9.050094703042491;14.874346321238779;2.3083427519315887;0.9863013495212436;0.0;0.0
20.700000000000003;8.979477087325638;14.9448958522314;2.4101719463260904;0.9450371576137506;0.0;0.0
20.8;8.901716523772615;15.007512666838153;2.497350183454339;0.8162123963547474;0.0;0.0
20.900000000000002;8.81992866236294;15.064742091048121;2.57341442559704;0.8135577371687619;0.0;0.0
21.0;8.733623374996723;15.114823554321827;2.660061730888091;0.854486502047973;0.0;0.0
21.1;8.64319783891436;15.157094241782623;2.7443117260066345;0.8169096441102686;0.0;0.0
21.200000000000003;8.549714955471336;15.191990014226862;2.823443659710145;0.6984023087131686;0.0;0.0
21.3;8.453738043047295;15.219490245216287;2.8839921877492682;0.5403336894840316;0.0;0.0
21.400000000000002;8.35666496463704;15.242849774222469;2.931510397606951;0.42018508704799507;0.0;0.0
21.5;8.258518624946838;15.26111657694921;2.9680292051588673;0.23006496946575972;0.0;0.0
21.6;8.159990867413777;15.2773321583515;2.977523391500103;-0.1045369038775168;0.0;0.0
21.700000000000003;8.061495181718275;15.293735279090606;2.947121824383364;-0.42252008044103784;0.0;0.0
21.8;7.964147524037137;15.315905472990506;2.8930193754118956;-0.47178962239795785;0.0;0.0
21.900000000000002;7.868007497326049;15.342846851416178;2.8527638999037723;-0.18772909201159482;0.0;0.0
22.0;7.772751146673487;15.372776549598488;2.8554735570095766;0.24222775079316028;0.0;0.0
22.1;7.676474485799512;15.399194169466604;2.9012094500624044;0.5103331241118947;0.0;0.0
22.200000000000003;7.578888197663951;15.420296796501454;2.9575401818319556;0.6946738144843079;0.0;0.0
22.3;7.480297659183788;15.43571431067873;3.040144212959266;0.9646422004925759;0.0;0.0
22.400000000000002;7.3806117075360875;15.440480928383941;3.1504686219304707;1.2525028463624688;0.0;0.0
22.5;7.281103871120668;15.433946226490429;3.2906447822317597;1.4603984655322355;0.0;0.0
22.6;7.1841061565839315;15.41097250841179;3.442548315036918;1.5090897414597526;0.0;0.0
22.700000000000003;7.091078770955148;15.374965539036967;3.5924627305237102;1.4471406071460802;0.0;0.0
22.8;7.0050998127105695;15.324310414235963;3.731976436466134;1.2840163939414229;0.0;0.0
22.900000000000002;6.92556135800659;15.264050396788669;3.849266009311995;1.0966328502042844;0.0;0.0
23.0;6.853677453876818;15.194769920671042;3.9513030065069907;0.8324498252586787;0.0;0.0
23.1;6.787976661011289;15.119607643698076;4.0157559743637306;0.5132963232195698;0.0;0.0
23.200000000000003;6.725588815683351;15.041654383997512;4.053962271150905;0.35893993062640295;0.0;0.0
23.3;6.665806490159309;14.961680785453451;4.087543960489011;0.2968521893625353;0.0;0.0
23.400000000000002;6.608787215183749;14.87971082409769;4.113332709023412;0.25801244127004574;0.0;0.0
23.5;6.553207068346391;14.796760905755665;4.13914644874302;0.19399895656332156;0.0;0.0
23.6;6.500492573297588;14.711955927226219;4.1521325003360765;0.0533514265446855;0.0;0.0
23.700000000000003;6.447083936504309;14.627588313845804;4.149816734051957;-0.014109989275248314;0.0;0.0
23.8;6.39397929832721;14.54303166414409;4.149310502481026;-0.010957013546191163;0.0;0.0
23.900000000000002;6.340486272173036;14.458719754038654;4.147625331342719;0.030358279657616283;0.0;0.0
24.0;6.287097909816023;14.374344078995508;4.15538215841255;0.13115988722813166;0.0;0.0
24.1;6.234921313046671;14.289215813188019;4.173857308788346;0.2458172235910161;0.0;0.0
24.200000000000003;6.184687154630113;14.202926808123049;4.204545603130753;0.33046753269211804;0.0;0.0
24.3;6.137830429704251;14.114758450990701;4.239950815326769;0.3822853964720152;0.0;0.0
24.400000000000002;6.093832920446105;14.025142741682963;4.2810026824251555;0.4018923411641673;0.0;0.0
24.5;6.054361215737583;13.933421890948768;4.3203292835596026;0.36278713067316337;0.0;0.0
24.6;6.01755331090244;13.840653922628816;4.353560108559789;0.29833829703710846;0.0;0.0
24.700000000000003;5.9842585982151535;13.746514666412919;4.379996942967024;0.3362210056391124;0.0;0.0
24.8;5.952402377449926;13.651919907880004;4.420804309687611;0.4987054223455023;0.0;0.0
24.900000000000002;5.926894297857267;13.555389135451275;4.479738027436125;0.4698742576026893;0.0;0.0
25.0;5.90638094351755;13.457688610742554;4.514779161208149;0.23628334004242468;0.0;0.0
25.1;5.887693371493813;13.359602648206064;4.52699469544461;-0.04896539030959213;0.0;0.0
25.200000000000003;5.869570127153128;13.26141446563466;4.50498608314623;-0.3370837997149567;0.0;0.0
25.3;5.846587268961648;13.164258225922891;4.459577935501619;-0.5384980745014367;0.0;0.0
25.400000000000002;5.8196407624953554;13.06814329890853;4.397286468245943;-0.6393157088244306;0.0;0.0
25.5;5.784760273182154;12.974583246481282;4.331714793736732;-0.6512940750977103;0.0;0.0
25.6;5.7454672479369675;12.882799715588044;4.2670276532264015;-0.6966599140572249;0.0;0.0
25.700000000000003;5.698817505620732;12.794540607578085;4.192382810925287;-0.7259450002097667;0.0;0.0
25.8;5.646336569212992;12.709666867428368;4.121838653184447;-0.6922543085096566;0.0;0.0
25.900000000000002;5.587738889368544;12.628838925940542;4.053931949223356;-0.6601023921421656;0.0;0.0
26.0;5.524224681932758;12.551825240665798;3.9898181747560146;-0.6632787116258343;0.0;0.0
26.1;5.455770665324306;12.47915171506603;3.921276206898189;-0.6289098956314976;0.0;0.0
26.200000000000003;5.382331641789371;12.41154472989669;3.864036195629715;-0.49244060482010354;0.0;0.0
26.3;5.30601889321815;12.347160439356175;3.8227880859341683;-0.39164037032449306;0.0;0.0
26.400000000000002;5.22723802371907;12.28581956884987;3.7857081215648165;-0.30628814093803136;0.0;0.0
26.5;5.146362778027881;12.227265022606298;3.761530457746562;-0.23195538998505683;0.0;0.0
26.6;5.0647042671264755;12.169800516554313;3.739317043567805;-0.27749921574348857;0.0;0.0
26.700000000000003;4.981312142252753;12.114898334934049;3.7060306145978643;-0.28131516364862996;0.0;0.0
26.8;4.896011370758901;12.062992744696517;3.683054010838079;-0.1478179680463576;0.0;0.0
26.900000000000002;4.810176980029567;12.011974600062645;3.676467020988593;0.031650470342938775;0.0;0.0
27.0;4.724201306147709;11.961198107675779;3.689384104906667;0.1739625687217039;0.0;0.0
27.1;4.639715958968945;11.907981346119938;3.7112595347329336;0.22958653706024457;0.0;0.0
27.200000000000003;4.556044354844695;11.853493803277505;3.735301412318716;0.23458958043016676;0.0;0.0
27.3;4.474212077122781;11.796276080808529;3.758177450818967;0.22223039417742285;0.0;0.0
27.400000000000002;4.393120713053;11.738019112462073;3.7797474911542004;0.2434225238312182;0.0;0.0
27.5;4.313832219469344;11.67732559068796;3.8068619555852106;0.27670859001122317;0.0;0.0
27.6;4.236022567059294;11.61476259830077;3.835089209156445;0.2741857800218339;0.0;0.0
27.700000000000003;4.1602858488906085;11.549693013737457;3.8616991115895773;0.30578036850569035;0.0;0.0
27.8;4.08590779687708;11.483073475227393;3.896245282857583;0.36272225412840475;0.0;0.0
27.900000000000002;4.0148435932776145;11.41293004350728;3.9342435624152583;0.3944560299694344;0.0;0.0
28.0;3.9457475941552267;11.340865290565267;3.97513648885147;0.3956164106633997;0.0;0.0
28.1;3.8806591532988315;11.265160227840099;4.013366844547939;0.3320268045239527;0.0;0.0
28.200000000000003;3.8172696964445043;11.1880278835652;4.0415418497562605;0.2786289524052066;0.0;0.0
28.3;3.7565416276069588;11.108768825856949;4.06909263502898;0.21970051008240565;0.0;0.0
28.400000000000002;3.697488395643864;11.028251333805054;4.085481951772742;0.19575034185520535;0.0;0.0
28.5;3.639388172089137;10.947041366487822;4.108242703400021;0.2522244201935986;0.0;0.0
28.6;3.584063861461894;10.86392536319337;4.135926835811461;0.30024491670190834;0.0;0.0
28.700000000000003;3.530548610829384;10.779627736486148;4.168291686740402;0.3990805795070518;0.0;0.0
28.8;3.4807243071881526;10.693119819858364;4.215742951712872;0.3843462736197001;0.0;0.0
28.900000000000002;3.4354380968163953;10.604132670211163;4.245160941464342;0.13194707619565538;0.0;0.0
29.0;3.390777219569427;10.514824448858239;4.242132366952003;-0.08910914875591036;0.0;0.0
29.1;3.344950323728205;10.426108328424473;4.22733911171316;-0.17000893254368377;0.0;0.0
29.200000000000003;3.2976672645770115;10.338160765501746;4.208130580443266;-0.19306340051909343;0.0;0.0
29.3;3.2484740124685794;10.25128322341039;4.188726431609341;-0.19385991752352005;0.0;0.0
29.400000000000002;3.197818688276428;10.165243426116355;4.169358596938562;-0.1552934444289633;0.0;0.0
29.5;3.145291010326687;10.08032487470131;4.157667742723548;-0.08885397185047328;0.0;0.0
29.6;3.092640428168232;9.995497049740768;4.151587802568468;-0.12010631525948057;0.0;0.0
29.700000000000003;3.0390859591991712;9.911226373783792;4.133646479671652;-0.18052893128036596;0.0;0.0
29.8;2.9834199082731887;9.82833284477965;4.115482016312394;-0.15931217669860942;0.0;0.0
29.900000000000002;2.9268370004506132;9.746058595745774;4.1017840443319304;-0.20133576994992408;0.0;0.0
30.0;2.868924800107411;9.664726260200483;4.07521486232241;-0.23534738808012934;0.0;0.0
30.1;2.808054439862241;9.58557645871657;4.054714566715905;-0.13232340025746803;0.0;0.0
30.200000000000003;2.7468520527086615;9.506679807878406;4.048750182270916;0.01227770864896005;0.0;0.0
30.3;2.6850417622139178;9.428261596020674;4.057170108445697;0.12929833864884444;0.0;0.0
30.400000000000002;2.625177180473283;9.348346332926688;4.074609850000685;0.1907799864400661;0.0;0.0
30.5;2.5661392625110704;9.267820497426873;4.09532610573371;0.26162270472811944;0.0;0.0
30.6;2.5096529605117053;9.185517871056728;4.1269343909463085;0.39449331815522237;0.0;0.0
30.700000000000003;2.4558220476725188;9.101427626289553;4.174224769364755;0.5685258823710471;0.0;0.0
30.8;2.407378230842718;9.0141853202602;4.2406395674205175;0.6863322867678856;0.0;0.0
30.900000000000002;2.3651573833656845;8.923712549518417;4.311491226718331;0.7135932069367246;0.0;0.0
31.0;2.3295138668275057;8.83047876404272;4.383358208807863;0.5873184445487767;0.0;0.0
31.1;2.3006814839509238;8.73487858774164;4.428954915628087;0.32579200199268854;0.0;0.0
31.200000000000003;2.273672505196993;8.638765903977696;4.448516609206401;0.15088460162911987;0.0;0.0
31.3;2.2486010794296147;8.542111177173659;4.459131835953912;0.12095741518398206;0.0;0.0
31.400000000000002;2.2236355233524887;8.445434329823094;4.472708092243197;0.1782932213745636;0.0;0.0
31.5;2.2011981185198635;8.348137650110425;4.494790480228824;0.243487683025021;0.0;0.0
31.6;2.1805264233323842;8.250458031458042;4.521405628848202;0.2774723733647466;0.0;0.0
31.700000000000003;2.1632977193699796;8.152107612450571;4.550284954901773;0.22106867715352418;0.0;0.0
31.8;2.148299103199168;8.053396067728183;4.565619364278906;0.0476089915058564;0.0;0.0
31.900000000000002;2.134094426402694;7.954564691200703;4.5598067532029445;-0.17708770283229258;0.0;0.0
32.0;2.1179495464191236;7.85603583194208;4.5302018237124475;-0.44666280638331113;0.0;0.0
32.1;2.097923248130398;7.758227634822986;4.470474191926282;-0.5830750305301224;0.0;0.0
32.2;2.0701578075071927;7.662348708222372;4.413586817606423;-0.49021375001840894;0.0;0.0
32.300000000000004;2.0391547544200326;7.567435876251286;4.3724314419226005;-0.4730376614458254;0.0;0.0
32.4;2.00359351204931;7.474148691026229;4.318979285317258;-0.6358685331970038;0.0;0.0
32.5;1.9626480838043985;7.383103037500862;4.2452577352832;-0.805511781724455;0.0;0.0
32.6;1.9137796608284627;7.296074564554729;4.157876928972367;-0.9534760005184206;0.0;0.0
32.7;1.8576478773352736;7.213564819117791;4.054562535179516;-1.0821159327936125;0.0;0.0
32.800000000000004;1.7920011976247887;7.138458657554913;3.9414537424136444;-1.095049073361536;0.0;0.0
32.9;1.718804877689205;7.070646441523316;3.8355527205072084;-0.9581832195788564;0.0;0.0
33.0;1.6388017117438223;7.010994302243091;3.749817098497873;-0.7028031120860279;0.0;0.0
33.1;1.5550527814612667;6.956629255841246;3.694992098090003;-0.4569404552555678;0.0;0.0
33.2;1.4689697688370011;6.906073437468209;3.6584290074467596;-0.28350036643167265;0.0;0.0
33.300000000000004;1.3814693146717623;6.857969857447951;3.6382920248036683;-0.10589154819113489;0.0;0.0
33.4;1.2934011859803063;6.810910964386995;3.6372506978085326;0.06513304615348492;0.0;0.0
33.5;1.2058018386648204;6.76299031802906;3.6513186340343653;0.26217296033848037;0.0;0.0
33.6;1.1190916213985747;6.71347208941453;3.6896852898762287;0.5844102208944557;0.0;0.0
33.7;1.0354645469962922;6.6590021375006865;3.7682006782132564;0.8348188356440156;0.0;0.0
33.800000000000004;0.957593458734459;6.596558345236418;3.856649057005032;0.8078145596753639;0.0;0.0
33.9;0.8848634194893538;6.528226271919272;3.929763590148329;0.6790471003406018;0.0;0.0
34.0;0.816912843095691;6.455095407520432;3.992458477073152;0.4985859226780298;0.0;0.0
34.1;0.7532754262570565;6.3781735312545775;4.029480774683935;0.2213247782505423;0.0;0.0
34.2;0.6909047710068882;6.300195897964041;4.03672343272326;-0.004889060860211458;0.0;0.0
34.300000000000004;0.6283802002415749;6.222350071647219;4.028502962511893;-0.09466612356400894;0.0;0.0
34.4;0.564737251553334;6.145409804815925;4.017790208010458;-0.11098311865433974;0.0;0.0
34.5;0.5005555660384619;6.0689169931769955;4.006306338781025;-0.15662681929178968;0.0;0.0
34.6;0.4351621082236838;5.993458284679352;3.986464844152101;-0.19495539574424514;0.0;0.0
34.7;0.3679980913001732;5.91957396451009;3.967315259632176;-0.2509381713269887;0.0;0.0
34.800000000000004;0.29976888666715495;5.846680503371072;3.936277209886703;-0.3356021973333423;0.0;0.0
34.9;0.2281523718815017;5.777106498567085;3.9001948201655074;-0.2721681428101608;0.0;0.0
35.0;0.15484277315395767;5.709320342894155;3.881843581324671;-0.15215364093296158;0.0;0.0
35.1;0.08071685058524969;5.64241681154364;3.869764091978915;-0.06574426675712397;0.0;0.0
35.2;0.0057910302666734186;5.576421353740148;3.868694727973246;0.06828544115146107;0.0;0.0
35.300000000000004;-0.06847191730136795;5.509681743834341;3.8834211802092073;0.19810047326620728;0.0;0.0
35.4;-0.14142645129033257;5.441504161687498;3.9083148226264877;0.2825735683952235;0.0;0.0
35.5;-0.21226788940299982;5.37115896817239;3.939935893888252;0.3287357831904103;0.0;0.0
35.6;-0.28075262346235;5.298523299093523;3.9740619792645697;0.3243776950459232;0.0;0.0
35.7;-0.3466441685352476;5.223497007499794;4.004811432897437;0.35727365033271896;0.0;0.0
35.800000000000004;-0.4105395718400725;5.146783426196535;4.045516709331114;0.5010879209039332;0.0;0.0
35.9;-0.47007856769124073;5.066690367115302;4.105029017078223;0.4931781000902369;0.0;0.0
36.0;-0.524420457102467;4.982925195383267;4.144152329349161;0.3355992507794414;0.0;0.0
36.1;-0.5775443643625147;4.898376248282167;4.172148867234112;0.2805092689382094;0.0;0.0
36.2;-0.6271107690426467;4.811705063018856;4.200254183136803;0.20212772423991332;0.0;0.0
36.300000000000004;-0.6754000497300585;4.72430685798626;4.212574412082095;0.15527743364383895;0.0;0.0
36.4;-0.7228197823453113;4.63643364937145;4.2313096698655706;0.13214104348099331;0.0;0.0
36.5;-0.7678011047498893;4.547287732996901;4.239002620778293;0.08684646366639237;0.0;0.0
36.6;-0.8138624121181711;4.458697033915122;4.248678962598849;0.21272302823384992;0.0;0.0
36.7;-0.85710123106937;4.368715342442234;4.281547226425063;0.3387019299328897;0.0;0.0
36.800000000000004;-0.8972447066709901;4.277289291668576;4.316419348585427;0.34316170927937817;0.0;0.0
36.9;-0.934112895092858;4.184499150673176;4.3501795682809385;0.43582968399782374;0.0;0.0
37.0;-0.9679809337512928;4.090614408728222;4.403585285384992;0.6048109781583921;0.0;0.0
37.1;-0.9947456032891044;3.9944332989966975;4.471141763912617;0.6749296892236734;0.0;0.0
37.2;-1.015661356185753;3.8968222879436896;4.538571223229726;0.6965736110589593;0.0;0.0
37.300000000000004;-1.0292440416173232;3.7979613863124553;4.610456486124409;0.6715427306507848;0.0;0.0
37.4;-1.0359635644429372;3.6983395101419068;4.672879769359883;0.6489852179617639;0.0;0.0
37.5;-1.0371271813771579;3.598538585233677;-1.542931777462825;0.6931411009728095;0.0;0.0
37.6;-1.0304060810289002;3.4989447546293038;-1.4716773176251405;0.5734679666964748;0.0;0.0
37.7;-1.0173801812307477;3.399966290495633;-1.42823818412353;0.3236250775882765;0.0;0.0
37.800000000000004;-1.0020388654973704;3.3013075882784233;-1.4069523021074852;0.23358808625160155;0.0;0.0
37.9;-0.9848091564519914;3.2029554627655514;-1.3815205668732098;0.22019742627487737;0.0;0.0
38.0;-0.9644714703967467;3.105203772620203;-1.3629128168525098;0.15197030785537802;0.0;0.0
38.1;-0.9435946226994997;3.007561834634687;-1.3511265053021342;0.14998994753242956;0.0;0.0
38.2;-0.920961523344839;2.9103302579127295;-1.3329148273460238;0.10563209786517813;0.0;0.0
38.300000000000004;-0.8965421213973812;2.813508889978569;-1.3300000857290986;-0.008573354639074271;0.0;0.0
38.400000000000006;-0.8733378556331337;2.7163918556998046;-1.3346294982738387;-0.10509756831142525;0.0;0.0
38.5;-0.8498159980981426;2.6193488411674792;-1.3510195993913836;-0.3061968348381128;0.0;0.0
38.6;-0.8298129159465609;2.521549137889357;-1.3958688652414613;-0.48178079429699316;0.0;0.0
38.7;-0.8150771983184022;2.4227888315836377;-1.4473757582507822;-0.6202474549951087;0.0;0.0
38.800000000000004;-0.8052387728384846;2.3234521742376937;-1.519918356240483;-0.821488794896883;0.0;0.0
38.900000000000006;-0.8049373579733472;2.2236635617916254;4.671511789949427;-0.9125321049325352;0.0;0.0
39.0;-0.8133871250552281;2.1242258296088266;4.580760529952596;-1.0520706443106653;0.0;0.0
39.1;-0.8311038262070806;2.0260226049788552;4.461097661087295;-1.309054506595937;0.0;0.0
39.2;-0.862870126034433;1.9314733833420492;4.318949628633408;-1.5165057401181858;0.0;0.0
39.300000000000004;-0.9073883196805097;1.8422404673558703;4.157796513063658;-1.677922617308889;0.0;0.0
39.400000000000006;-0.9674237877137094;1.7626865005698105;3.983365105171631;-1.70015736049407;0.0;0.0
39.5;-1.039758201542063;1.6940366665807416;3.8177650409648436;-1.6287241428484456;0.0;0.0
39.6;-1.1224380000650835;1.6383108065098086;3.657620276601942;-1.5405932415908552;0.0;0.0
39.7;-1.2127371080302927;1.5959058812459819;3.5096463926466726;-1.3959575718355088;0.0;0.0
39.800000000000004;-1.3081094010315466;1.5667111247993637;3.37842876223484;-1.1618496059971628;0.0;0.0
39.900000000000006;-1.406344895779569;1.5491755592604353;3.27727647144724;-0.8965520470286537;0.0;0.0
40.0;-1.5057145841448925;1.539733542262394;3.1991183528291094;-0.6755353764648087;0.0;0.0
40.1;-1.6055258990482602;1.5377048770294872;3.1421693961542783;-0.39533624733352424;0.0;0.0
40.2;-1.7053574060906684;1.5396183997365172;3.1200511033624045;-0.04415533919229331;0.0;0.0
40.300000000000004;-1.8051809554918985;1.5420064218372413;3.1333383283158196;0.328853176223467;0.0;0.0
40.400000000000006;-1.9050162574575344;1.541266486269877;3.185821738607098;0.5949023203024217;0.0;0.0
40.5;-2.0045067700949266;1.533184670281381;3.252318792376304;0.7334211203325047;0.0;0.0
40.6;-2.103353170274313;1.5192152137480153;3.332505962673599;0.918493838091492;0.0;0.0
40.7;-2.200280367780873;1.495348076018604;3.4360175599946023;1.0614481662106634;0.0;0.0
40.800000000000004;-2.294056581361262;1.4613866670598348;3.5447955959157316;1.1589528292357931;0.0;0.0
40.900000000000006;-2.383486129757367;1.4171972919551135;3.667808125841761;1.1839199657617883;0.0;0.0
41.0;-2.4662238881957927;1.3613842364006934;3.781579589068089;1.0632502283176049;0.0;0.0
41.1;-2.5434138071801105;1.2981273753125246;3.880458171505282;0.9511258866490557;0.0;0.0
41.2;-2.613593622241131;1.2271287362634598;3.9718047663979004;0.8450305462462215;0.0;0.0
41.300000000000004;-2.6780280023387637;1.1508730769469528;4.049464280754526;0.766790710809877;0.0;0.0
41.400000000000006;-2.7363592351005317;1.0698985792191158;4.125162908559876;0.6848470673342999;0.0;0.0
41.5;-2.7885587527202182;0.9847976764593541;4.186433694221386;0.572971485064846;0.0;0.0
41.6;-2.836575781992235;0.8972592353964731;4.239757205572845;0.5260228607347295;0.0;0.0
41.7;-2.8794145925790304;0.8070953822968516;4.291638266368333;0.438299819628194;0.0;0.0
41.800000000000004;-2.9181099762543337;0.7150490369398279;4.327417169498483;0.3474883221786107;0.0;0.0
41.900000000000006;-2.954398883156342;0.6220354414694352;4.361135930804054;0.2895136051019409;0.0;0.0
42.0;-2.9868048435847823;0.5275881962594142;4.385319890518872;0.16312891844969535;0.0;0.0
42.1;-3.0185575028820697;0.4329183221766933;4.393761714493993;0.14110099888880345;0.0;0.0
42.2;-3.049361409010895;0.3379461912828964;4.413540090296633;0.08014505401179761;0.0;0.0
42.300000000000004;-3.0773418554878984;0.2421067707066747;4.409790725296353;-0.0940250108764662;0.0;0.0
42.400000000000006;-3.108858805371575;0.14736267412080756;4.394735088121339;0.026598377894162528;0.0;0.0
42.5;-3.1397121060841764;0.05240911296856901;4.415110400875186;0.29450719936777947;0.0;0.0
42.6;-3.1673407815346177;-0.04353223416411174;4.453636527994895;0.44477357986917765;0.0;0.0
42.7;-3.1907957093438037;-0.14058777447574153;4.504065116849021;0.5502517766567117;0.0;0.0
42.800000000000004;-3.208616090653688;-0.2387881862368636;4.563686883326238;0.6670812529340053;0.0;0.0
42.900000000000006;-3.2203576898493083;-0.3379203246049447;4.6374813674358215;0.8783698934474371;0.0;0.0
43.0;-3.2235431534954033;-0.43768830431162103;-1.5438244451638612;1.0883436754859854;0.0;0.0
43.1;-3.214984288668993;-0.537094344880735;-1.4280352046465667;1.2208824117998396;0.0;0.0
43.2;-3.1952037156875868;-0.6348473702257701;-1.2996479628038933;1.2969653944288684;0.0;0.0
43.300000000000004;-3.161687260719098;-0.7288138226874763;-1.168642125760793;1.2692084490892852;0.0;0.0
43.400000000000006;-3.1172454068563926;-0.8181342934878286;-1.0458062729860362;1.2448914660322408;0.0;0.0
43.5;-3.061873987989588;-0.9011413451813262;-0.9196638325543449;1.1892459220070584;0.0;0.0
43.6;-2.9964962284243724;-0.9765992557408748;-0.8079570885846246;1.0481579609381808;0.0;0.0
43.7;-2.924110971252554;-1.0452644896780345;-0.7100322403667088;0.8872078712113063;0.0;0.0
43.800000000000004;-2.8453255052165916;-1.1065433004260035;-0.6305155143423633;0.7503293463689564;0.0;0.0
43.900000000000006;-2.762930577381097;-1.1629107993431511;-0.5599663710929175;0.6661401864911509;0.0;0.0
44.0;-2.6762836967898047;-1.2125160646420703;-0.4972874770441331;0.46358537124661314;0.0;0.0
44.1;-2.5874742355751232;-1.2581459798439993;-0.46724929684359484;0.2561037786097753;0.0;0.0
44.2;-2.4979964215675357;-1.3024638227153276;-0.44606672132217806;0.24964172224402614;0.0;0.0
44.300000000000004;-2.407327175215121;-1.3442946751413885;-0.4173209523947896;0.2618581498496497;0.0;0.0
44.400000000000006;-2.3154576197998082;-1.3833947837546203;-0.3936950913522481;0.2621856919401333;0.0;0.0
44.5;-2.2229221832934045;-1.420892994444709;-0.36488381400676295;0.3685335239452481;0.0;0.0
44.6;-2.1289525855749787;-1.4546376390883622;-0.3199883865631985;0.5766525524378419;0.0;0.0
44.7;-2.033431993919496;-1.4836855933031106;-0.24955330351919458;0.7792378829128022;0.0;0.0
44.800000000000004;-1.9356521919193428;-1.503903367099904;-0.16414080998063807;0.6258716500163619;0.0;0.0
44.900000000000006;-1.8365942199398513;-1.5162880260268154;-0.1243789735159222;0.3976183646471587;0.0;0.0
